3,2
3,1
3,3
10,81
10,31
10,251
10,131
10,189
10,11
10,253
11,21
11,5
11,7
9,5
8,9
8,4
8,13
8,11
8,10
12,2
12,1
12,3
20,2
20,1
20,3
19,2
19,1
19,3
21,3
21,2
21,1
21,0
7,13
7,12
7,11
7,10
7,9
7,8
7,7
7,6
7,1
7,5
7,4
6,7
6,6
6,5
6,1
6,4
4,88
4,87
4,86
4,85
4,84
4,83
4,82
4,81
4,80
4,79
4,78
4,77
4,76
4,75
4,74
4,73
4,72
4,71
4,70
4,69
4,68
4,67
4,66
4,65
4,64
4,40
4,39
4,38
4,37
4,36
4,35
4,34
4,33
4,32
4,31
4,30
4,29
4,28
18,1
4,27
18,3
14,1
4,26
14,3
4,25
13,1
4,24
13,3
4,23
4,22
4,21
4,20
4,19
4,18
4,17
4,16
4,15
4,14
4,13
4,12
